data/2006/output_2006_000000016000_Morphology.asc
ncols		517
nrows		378
xllcorner	499547.500000
yllcorner	4174982.500000
cellsize	10.000000
NODATA_value	0.000000
[rows 336 to 359 of 378, columns 324 to 377 of 517]
1758.300000 1757.400000 1756.000000 1755.200000 1753.700000 1753.200000 1752.700000 1752.900000 1752.400000 1751.900000 1750.100000 1750.500000 1749.800000 1748.400000 1747.700000 1747.200000 1746.200000 1744.600000 1744.700000 1743.700000 1741.900000 1741.500000 1740.900000 1740.500000 1740.600000 1739.300000 1739.000000 1739.500000 1737.800000 1736.500000 1734.700000 1734.000000 1733.100000 1732.100000 1731.900000 1730.300000 1731.300000 1730.800000 1730.500000 1729.600000 1729.000000 1728.900000 1728.500000 1726.700000 1726.200000 1724.100000 1723.800000 1723.600000 1722.800000 1722.600000 1721.500000 1722.200000 1721.600000 1720.200000
1759.000000 1758.000000 1755.300000 1753.800000 1752.500000 1751.800000 1750.800000 1749.500000 1749.900000 1751.900000 1749.300000 1749.100000 1748.000000 1748.200000 1747.900000 1746.800000 1746.200000 1744.500000 1743.900000 1743.000000 1741.400000 1740.500000 1739.600000 1739.200000 1739.400000 1738.600000 1737.700000 1736.400000 1737.100000 1735.800000 1734.700000 1733.100000 1732.700000 1731.400000 1732.300000 1730.300000 1729.900000 1729.900000 1730.000000 1729.700000 1729.300000 1727.900000 1726.700000 1726.400000 1725.200000 1724.800000 1723.200000 1722.800000 1723.000000 1721.800000 1721.800000 1721.200000 1721.400000 1719.000000
1757.300000 1756.600000 1755.300000 1754.600000 1753.200000 1751.400000 1749.200000 1747.900000 1748.300000 1748.900000 1748.500000 1748.300000 1747.800000 1746.400000 1747.400000 1746.500000 1744.100000 1743.400000 1742.400000 1741.500000 1741.200000 1741.300000 1737.800000 1738.400000 1737.400000 1737.300000 1737.800000 1736.100000 1734.900000 1732.700000 1733.000000 1732.600000 1731.100000 1730.800000 1730.700000 1730.400000 1729.400000 1728.700000 1729.000000 1728.800000 1728.600000 1726.100000 1725.600000 1725.500000 1724.200000 1723.100000 1722.500000 1721.700000 1721.700000 1721.000000 1720.800000 1720.500000 1719.600000 1718.400000
1755.900000 1754.200000 1754.500000 1752.700000 1751.100000 1751.400000 1748.900000 1747.600000 1747.000000 1747.900000 1747.800000 1747.600000 1748.300000 1747.200000 1746.400000 1746.000000 1745.600000 1744.200000 1743.000000 1742.200000 1740.500000 1739.900000 1738.400000 1736.700000 1738.000000 1737.400000 1736.700000 1735.800000 1734.300000 1733.700000 1733.400000 1732.100000 1731.300000 1730.300000 1730.000000 1730.800000 1729.200000 1727.900000 1727.700000 1727.000000 1726.700000 1727.100000 1725.000000 1723.900000 1723.300000 1723.200000 1722.700000 1721.700000 1721.100000 1720.700000 1720.500000 1719.700000 1718.700000 1717.400000
1755.100000 1752.800000 1752.600000 1751.100000 1750.400000 1749.400000 1749.600000 1749.100000 1747.800000 1747.600000 1747.700000 1747.600000 1746.900000 1746.400000 1746.100000 1745.500000 1744.700000 1744.400000 1743.300000 1742.600000 1740.900000 1739.400000 1738.000000 1737.100000 1736.600000 1737.300000 1737.400000 1736.900000 1735.400000 1736.000000 1734.100000 1733.500000 1732.400000 1731.600000 1730.100000 1729.700000 1728.300000 1727.200000 1725.900000 1726.600000 1727.000000 1726.200000 1724.900000 1724.000000 1722.700000 1722.200000 1722.400000 1721.000000 1720.800000 1720.700000 1720.400000 1719.900000 1719.200000 1717.900000
1756.200000 1753.900000 1752.600000 1752.900000 1751.200000 1748.200000 1748.600000 1747.900000 1747.700000 1746.400000 1744.500000 1744.700000 1746.700000 1745.600000 1746.300000 1746.100000 1745.400000 1744.300000 1743.800000 1743.800000 1742.300000 1740.900000 1739.100000 1738.500000 1738.300000 1736.800000 1735.900000 1735.200000 1734.400000 1735.900000 1734.400000 1733.500000 1732.800000 1730.600000 1729.400000 1728.200000 1728.100000 1728.200000 1727.800000 1727.000000 1724.700000 1723.900000 1725.100000 1724.100000 1724.200000 1722.200000 1721.400000 1721.000000 1720.600000 1720.400000 1720.400000 1718.700000 1717.400000 1717.600000
1756.800000 1756.000000 1754.100000 1753.300000 1751.100000 1749.300000 1748.000000 1747.700000 1746.800000 1746.500000 1744.500000 1744.500000 1745.000000 1745.200000 1745.600000 1745.900000 1744.600000 1744.000000 1743.400000 1743.600000 1743.100000 1742.300000 1741.900000 1741.600000 1740.500000 1739.500000 1738.300000 1737.000000 1734.900000 1733.100000 1733.500000 1732.600000 1731.700000 1731.300000 1729.400000 1728.700000 1729.000000 1728.700000 1726.500000 1723.900000 1724.100000 1723.000000 1724.200000 1723.000000 1722.800000 1722.900000 1721.400000 1719.800000 1720.300000 1720.500000 1718.700000 1718.200000 1717.200000 1715.600000
1756.800000 1755.900000 1754.500000 1753.500000 1752.100000 1751.200000 1749.700000 1747.900000 1746.500000 1745.900000 1745.100000 1743.900000 1744.500000 1745.100000 1745.200000 1745.100000 1744.000000 1742.500000 1742.100000 1742.200000 1742.400000 1742.100000 1742.100000 1741.500000 1740.100000 1738.200000 1737.800000 1737.200000 1734.600000 1732.900000 1731.800000 1730.900000 1730.100000 1730.500000 1730.100000 1728.900000 1727.900000 1728.500000 1725.800000 1722.900000 1721.800000 1721.900000 1722.400000 1721.700000 1721.200000 1721.700000 1720.500000 1719.900000 1720.100000 1720.400000 1719.000000 1718.700000 1717.800000 1715.600000
1755.900000 1754.500000 1753.700000 1753.200000 1752.300000 1751.100000 1750.300000 1748.400000 1747.200000 1748.200000 1747.500000 1744.600000 1744.800000 1745.200000 1744.800000 1745.800000 1744.400000 1743.500000 1741.900000 1741.300000 1741.100000 1740.200000 1740.300000 1741.300000 1740.500000 1738.300000 1736.500000 1736.700000 1733.300000 1732.000000 1731.400000 1731.000000 1730.400000 1729.600000 1729.200000 1727.400000 1726.400000 1726.000000 1724.500000 1723.700000 1722.200000 1721.600000 1721.000000 1720.600000 1719.800000 1719.400000 1719.100000 1718.600000 1719.600000 1719.900000 1719.200000 1718.700000 1717.500000 1717.100000
1755.400000 1755.000000 1753.200000 1752.200000 1751.400000 1750.200000 1750.900000 1749.400000 1749.000000 1748.600000 1746.600000 1746.800000 1745.100000 1744.100000 1744.100000 1743.000000 1742.000000 1741.800000 1741.700000 1740.900000 1740.700000 1741.400000 1740.800000 1739.300000 1737.800000 1736.100000 1734.100000 1733.700000 1732.600000 1731.800000 1730.000000 1729.600000 1728.700000 1727.900000 1727.300000 1726.600000 1725.500000 1724.600000 1724.200000 1722.500000 1721.500000 1721.100000 1719.400000 1719.000000 1718.600000 1717.400000 1717.500000 1717.500000 1718.400000 1718.200000 1719.100000 1717.900000 1716.300000 1715.500000
1755.600000 1755.200000 1753.500000 1751.200000 1751.800000 1751.500000 1750.800000 1749.200000 1749.000000 1748.100000 1747.400000 1747.500000 1746.300000 1744.700000 1743.500000 1741.800000 1740.900000 1741.400000 1740.700000 1740.700000 1742.000000 1742.100000 1741.100000 1740.300000 1739.300000 1737.200000 1733.700000 1733.500000 1732.600000 1732.300000 1731.600000 1729.100000 1728.800000 1728.300000 1727.800000 1727.500000 1725.700000 1724.500000 1724.300000 1724.000000 1722.400000 1720.700000 1719.100000 1717.500000 1717.100000 1716.800000 1716.100000 1716.200000 1717.400000 1717.300000 1718.000000 1716.900000 1716.000000 1715.400000
1754.000000 1753.100000 1752.100000 1750.500000 1750.800000 1750.300000 1749.500000 1748.400000 1749.100000 1748.200000 1748.100000 1747.300000 1746.600000 1744.400000 1742.400000 1741.300000 1739.600000 1740.900000 1740.500000 1740.000000 1739.100000 1738.700000 1738.700000 1739.400000 1738.600000 1735.700000 1734.100000 1731.900000 1731.500000 1732.000000 1730.900000 1730.600000 1729.300000 1729.000000 1726.900000 1727.200000 1725.500000 1724.400000 1723.300000 1722.800000 1722.300000 1720.200000 1719.300000 1718.200000 1717.000000 1715.800000 1715.100000 1715.700000 1716.700000 1716.500000 1715.700000 1714.000000 1713.700000 1714.900000
1752.500000 1751.300000 1751.400000 1749.900000 1750.200000 1750.200000 1748.500000 1748.200000 1747.500000 1746.900000 1747.500000 1747.700000 1746.100000 1744.400000 1743.400000 1742.300000 1740.800000 1739.900000 1739.600000 1739.400000 1739.400000 1737.800000 1735.400000 1735.100000 1732.800000 1731.700000 1732.400000 1731.600000 1729.900000 1730.200000 1730.400000 1729.700000 1729.300000 1728.200000 1728.000000 1727.600000 1726.500000 1725.500000 1723.700000 1722.700000 1722.400000 1720.900000 1720.200000 1719.000000 1717.800000 1716.600000 1716.400000 1716.300000 1716.100000 1715.800000 1714.900000 1714.000000 1714.000000 1713.100000
1752.700000 1751.000000 1750.900000 1750.200000 1749.900000 1748.800000 1748.200000 1747.800000 1747.800000 1747.800000 1747.200000 1746.900000 1745.800000 1743.300000 1743.800000 1743.200000 1741.600000 1740.800000 1740.100000 1740.200000 1738.200000 1737.000000 1736.000000 1735.000000 1734.100000 1732.500000 1731.200000 1730.800000 1730.300000 1729.600000 1729.100000 1728.800000 1728.700000 1728.600000 1728.100000 1727.200000 1726.400000 1725.100000 1723.900000 1723.100000 1721.100000 1720.100000 1719.600000 1718.700000 1717.400000 1716.900000 1716.900000 1715.800000 1715.600000 1714.900000 1715.200000 1714.100000 1712.900000 1712.700000
1752.400000 1752.500000 1750.900000 1750.200000 1749.700000 1749.600000 1748.200000 1747.500000 1747.300000 1746.900000 1746.900000 1746.400000 1745.200000 1745.000000 1743.700000 1743.100000 1742.600000 1742.100000 1742.200000 1739.700000 1737.900000 1736.800000 1736.800000 1736.900000 1734.700000 1733.300000 1732.700000 1730.700000 1730.100000 1729.400000 1728.900000 1728.400000 1728.300000 1728.000000 1727.700000 1726.500000 1725.200000 1724.700000 1723.400000 1723.900000 1722.700000 1720.800000 1718.900000 1718.100000 1717.600000 1717.400000 1716.800000 1716.000000 1715.100000 1714.600000 1714.100000 1713.800000 1712.200000 1711.700000
1752.000000 1750.900000 1751.300000 1751.000000 1749.700000 1749.100000 1748.600000 1747.600000 1747.300000 1746.300000 1746.400000 1745.200000 1745.300000 1744.600000 1743.900000 1743.300000 1743.700000 1743.100000 1742.800000 1740.200000 1737.100000 1737.000000 1737.700000 1737.100000 1735.200000 1733.500000 1732.200000 1732.200000 1731.400000 1728.600000 1728.200000 1728.300000 1728.200000 1727.500000 1726.500000 1726.300000 1724.400000 1723.900000 1723.300000 1722.000000 1721.500000 1720.800000 1719.500000 1717.200000 1716.900000 1716.000000 1716.000000 1714.300000 1714.800000 1714.000000 1713.400000 1713.300000 1712.900000 1712.700000
1752.300000 1752.000000 1751.500000 1751.100000 1749.700000 1748.600000 1747.300000 1746.500000 1746.000000 1745.700000 1745.700000 1745.500000 1745.800000 1745.600000 1745.300000 1744.000000 1742.900000 1742.300000 1740.700000 1738.600000 1737.600000 1738.200000 1738.200000 1737.900000 1735.600000 1734.000000 1732.600000 1732.800000 1730.900000 1728.700000 1727.700000 1726.000000 1725.200000 1725.600000 1725.600000 1725.300000 1725.200000 1723.900000 1723.300000 1722.200000 1720.600000 1719.600000 1718.200000 1717.100000 1716.300000 1715.800000 1714.900000 1714.000000 1714.100000 1712.800000 1712.900000 1713.700000 1712.700000 1711.800000
1752.800000 1752.100000 1751.200000 1750.900000 1749.300000 1748.400000 1747.000000 1746.200000 1745.000000 1745.600000 1746.100000 1745.400000 1745.400000 1744.200000 1744.800000 1743.500000 1743.000000 1741.500000 1740.800000 1739.400000 1738.900000 1737.500000 1736.800000 1736.800000 1736.700000 1735.500000 1734.500000 1732.600000 1731.300000 1729.900000 1728.100000 1726.800000 1725.500000 1725.200000 1724.000000 1723.200000 1722.500000 1722.500000 1724.200000 1722.300000 1721.500000 1719.400000 1717.600000 1717.800000 1716.200000 1716.300000 1714.400000 1714.600000 1713.700000 1713.500000 1713.100000 1712.600000 1712.600000 1711.000000
1752.600000 1752.200000 1751.100000 1750.000000 1749.700000 1748.400000 1746.800000 1745.300000 1745.200000 1744.400000 1744.300000 1745.200000 1744.700000 1744.300000 1744.400000 1743.900000 1742.500000 1742.600000 1741.200000 1740.300000 1739.700000 1738.300000 1738.000000 1736.600000 1736.800000 1736.300000 1734.700000 1734.000000 1731.100000 1729.900000 1729.500000 1727.300000 1727.000000 1725.700000 1723.500000 1723.100000 1723.500000 1722.400000 1721.800000 1719.800000 1717.500000 1716.900000 1715.600000 1716.200000 1715.400000 1714.700000 1714.700000 1713.600000 1713.200000 1713.200000 1712.700000 1711.200000 1711.700000 1710.200000
1751.900000 1752.100000 1751.100000 1750.000000 1749.800000 1748.700000 1747.100000 1746.500000 1746.100000 1745.100000 1744.700000 1745.200000 1744.800000 1744.000000 1744.000000 1743.700000 1742.500000 1742.400000 1740.400000 1739.300000 1739.500000 1738.700000 1738.400000 1737.800000 1737.200000 1735.800000 1736.000000 1734.200000 1732.200000 1730.200000 1729.500000 1728.100000 1726.800000 1726.100000 1724.300000 1724.000000 1724.400000 1723.200000 1721.400000 1718.900000 1718.200000 1717.300000 1715.400000 1715.300000 1715.100000 1714.300000 1714.600000 1714.000000 1713.800000 1712.200000 1711.800000 1711.400000 1711.000000 1710.600000
1752.000000 1751.500000 1750.700000 1749.700000 1748.800000 1749.300000 1748.400000 1748.300000 1747.700000 1746.900000 1745.600000 1744.900000 1744.400000 1743.900000 1743.000000 1742.500000 1741.700000 1741.900000 1740.200000 1739.400000 1739.900000 1738.600000 1738.100000 1737.700000 1736.800000 1736.100000 1735.300000 1734.300000 1732.400000 1730.500000 1729.800000 1728.900000 1727.700000 1725.700000 1723.800000 1722.200000 1723.300000 1723.400000 1721.100000 1718.500000 1717.600000 1715.700000 1714.600000 1715.000000 1715.300000 1714.100000 1713.900000 1713.800000 1713.600000 1711.900000 1711.800000 1711.500000 1711.400000 1710.400000
1750.700000 1750.500000 1750.400000 1749.800000 1749.000000 1747.900000 1747.300000 1746.900000 1746.200000 1745.800000 1745.900000 1744.500000 1744.500000 1744.400000 1742.600000 1742.300000 1741.900000 1741.700000 1740.300000 1739.300000 1739.300000 1738.800000 1737.200000 1736.900000 1735.300000 1734.800000 1734.000000 1732.700000 1731.600000 1730.900000 1729.200000 1727.700000 1725.800000 1724.800000 1724.300000 1722.300000 1721.600000 1721.500000 1719.900000 1717.600000 1717.100000 1715.800000 1714.300000 1715.100000 1715.100000 1713.700000 1713.700000 1713.800000 1713.000000 1713.200000 1712.400000 1711.000000 1711.500000 1710.400000
1751.100000 1751.000000 1750.600000 1748.600000 1748.600000 1748.400000 1746.700000 1746.400000 1745.200000 1744.800000 1744.300000 1744.900000 1743.900000 1743.300000 1741.900000 1741.500000 1740.700000 1740.500000 1739.600000 1737.600000 1738.300000 1738.200000 1739.500000 1737.800000 1736.100000 1733.900000 1732.400000 1730.700000 1728.900000 1729.200000 1728.800000 1728.400000 1727.400000 1725.500000 1724.700000 1722.700000 1721.400000 1720.300000 1718.700000 1718.700000 1716.900000 1716.900000 1714.500000 1714.400000 1713.800000 1713.000000 1713.200000 1713.800000 1713.500000 1712.200000 1712.900000 1712.000000 1711.800000 1711.200000
1750.600000 1750.200000 1749.100000 1747.900000 1747.400000 1746.800000 1746.800000 1745.900000 1745.700000 1745.300000 1744.600000 1743.600000 1743.600000 1742.700000 1741.300000 1740.800000 1739.900000 1741.800000 1741.100000 1739.700000 1740.000000 1737.400000 1739.100000 1737.200000 1735.800000 1734.700000 1732.700000 1730.300000 1728.700000 1728.400000 1728.200000 1728.300000 1726.300000 1725.300000 1723.700000 1721.600000 1719.900000 1718.700000 1718.700000 1719.000000 1719.200000 1718.900000 1716.300000 1714.200000 1713.400000 1712.800000 1712.700000 1713.500000 1713.000000 1712.500000 1713.800000 1712.900000 1711.700000 1710.900000
