data/2006/output_2006_000000016000_Morphology.asc
ncols		517
nrows		378
xllcorner	499547.500000
yllcorner	4174982.500000
cellsize	10.000000
NODATA_value	0.000000
[rows 24 to 47 of 378, columns 54 to 107 of 517]
3181.800000 3174.500000 3165.200000 3157.900000 3155.500000 3153.900000 3151.100000 3147.900000 3144.300000 3140.200000 3135.400000 3130.800000 3126.200000 3121.700000 3117.400000 3113.300000 3109.200000 3105.300000 3101.400000 3097.500000 3093.900000 3090.200000 3086.700000 3083.200000 3079.600000 3076.100000 3072.700000 3069.300000 3065.600000 3060.800000 3057.500000 3055.700000 3053.900000 3051.700000 3048.800000 3045.600000 3042.000000 3038.000000 3033.900000 3029.700000 3024.600000 3019.500000 3016.300000 3014.800000 3013.900000 3012.900000 3011.400000 3009.700000 3008.000000 3006.000000 3003.600000 3000.900000 2997.700000 2994.000000
3180.200000 3173.300000 3164.500000 3157.900000 3155.100000 3153.100000 3150.300000 3146.900000 3143.100000 3139.000000 3134.200000 3129.500000 3124.900000 3120.400000 3116.100000 3112.000000 3108.000000 3104.100000 3100.300000 3096.500000 3092.900000 3089.400000 3085.800000 3082.300000 3078.900000 3075.300000 3071.900000 3068.600000 3065.200000 3061.600000 3058.700000 3056.500000 3054.300000 3052.300000 3049.400000 3045.800000 3041.600000 3036.900000 3032.400000 3028.200000 3024.600000 3020.200000 3016.100000 3014.800000 3013.600000 3012.300000 3010.400000 3008.700000 3007.100000 3005.400000 3003.200000 3000.800000 2997.800000 2994.400000
3178.400000 3172.100000 3164.500000 3158.200000 3155.000000 3152.400000 3149.400000 3145.900000 3141.900000 3137.500000 3132.800000 3128.000000 3123.400000 3119.000000 3114.700000 3110.600000 3106.700000 3102.800000 3099.000000 3095.300000 3091.700000 3088.300000 3084.900000 3081.500000 3078.000000 3074.300000 3070.800000 3067.900000 3065.000000 3062.100000 3059.400000 3057.000000 3054.600000 3052.600000 3050.900000 3046.100000 3041.400000 3036.400000 3031.700000 3027.700000 3025.400000 3022.100000 3018.800000 3017.500000 3014.600000 3012.200000 3010.000000 3008.200000 3006.800000 3005.100000 3002.900000 3000.500000 2997.900000 2994.700000
3176.300000 3170.800000 3164.700000 3159.300000 3155.300000 3151.900000 3148.500000 3144.700000 3140.500000 3136.000000 3131.200000 3126.400000 3121.800000 3117.400000 3113.200000 3109.000000 3105.100000 3101.200000 3097.400000 3093.800000 3090.200000 3086.800000 3083.600000 3080.400000 3076.900000 3072.800000 3069.400000 3067.100000 3065.100000 3062.500000 3059.800000 3057.200000 3054.400000 3051.400000 3049.300000 3045.600000 3041.500000 3036.500000 3032.100000 3028.700000 3027.500000 3024.100000 3020.700000 3018.200000 3016.200000 3012.900000 3010.200000 3008.100000 3007.600000 3005.400000 3002.900000 3000.400000 2997.800000 2995.100000
3174.000000 3169.200000 3164.300000 3159.600000 3155.300000 3151.200000 3147.300000 3143.300000 3138.900000 3134.400000 3129.500000 3124.800000 3120.200000 3115.700000 3111.600000 3107.500000 3103.400000 3099.500000 3095.600000 3091.900000 3088.300000 3084.600000 3081.000000 3078.000000 3075.200000 3070.600000 3068.200000 3067.400000 3065.500000 3062.800000 3059.900000 3056.800000 3053.600000 3049.800000 3048.000000 3045.400000 3042.000000 3037.500000 3033.400000 3030.200000 3028.200000 3026.400000 3023.800000 3021.200000 3018.100000 3014.300000 3011.100000 3009.000000 3007.700000 3006.100000 3003.500000 3000.100000 2997.900000 2995.400000
3171.300000 3167.200000 3162.800000 3158.500000 3154.200000 3150.000000 3146.000000 3141.700000 3137.200000 3132.500000 3127.600000 3122.900000 3118.300000 3113.900000 3109.700000 3105.700000 3101.600000 3097.500000 3093.500000 3089.900000 3085.900000 3081.300000 3076.300000 3073.400000 3072.500000 3071.000000 3070.000000 3068.700000 3066.500000 3063.200000 3059.700000 3055.800000 3052.300000 3049.000000 3047.500000 3045.100000 3042.700000 3039.100000 3035.600000 3032.500000 3029.900000 3027.900000 3027.500000 3023.800000 3020.100000 3016.100000 3012.900000 3010.400000 3008.200000 3006.200000 3004.300000 3001.300000 2996.800000 2995.800000
3168.700000 3165.000000 3161.000000 3156.800000 3152.600000 3148.500000 3144.300000 3139.900000 3135.400000 3130.600000 3125.600000 3120.900000 3116.400000 3112.000000 3108.200000 3104.100000 3100.100000 3096.000000 3092.000000 3088.400000 3084.800000 3080.200000 3075.300000 3072.900000 3069.500000 3069.200000 3071.400000 3070.000000 3067.500000 3062.900000 3060.500000 3056.700000 3052.700000 3049.600000 3046.800000 3045.000000 3043.600000 3040.600000 3037.600000 3034.700000 3031.900000 3029.200000 3027.200000 3024.900000 3021.600000 3017.700000 3014.600000 3011.800000 3009.000000 3006.400000 3004.500000 3001.500000 2998.200000 2995.900000
3166.300000 3162.700000 3158.900000 3154.900000 3150.800000 3146.600000 3142.400000 3138.000000 3133.300000 3128.400000 3123.400000 3118.700000 3114.400000 3110.300000 3106.700000 3103.000000 3099.200000 3095.200000 3091.300000 3087.900000 3085.100000 3082.000000 3078.500000 3074.100000 3070.200000 3070.400000 3071.800000 3070.800000 3068.600000 3065.100000 3062.300000 3059.500000 3055.700000 3052.000000 3048.100000 3045.800000 3044.700000 3041.800000 3039.100000 3036.600000 3033.700000 3030.500000 3027.900000 3025.200000 3022.300000 3019.000000 3015.900000 3012.800000 3009.800000 3006.900000 3004.200000 3002.000000 2999.500000 2996.400000
3163.500000 3160.300000 3156.500000 3152.500000 3148.500000 3144.400000 3140.200000 3135.800000 3131.100000 3126.100000 3121.000000 3116.300000 3112.200000 3108.700000 3105.500000 3102.200000 3098.700000 3095.000000 3091.300000 3088.300000 3085.900000 3084.100000 3081.600000 3076.700000 3074.100000 3073.300000 3073.300000 3071.900000 3069.900000 3066.900000 3064.100000 3061.800000 3058.800000 3052.800000 3050.000000 3047.700000 3045.400000 3042.500000 3040.000000 3036.800000 3034.900000 3031.600000 3028.600000 3025.800000 3023.000000 3020.200000 3017.300000 3013.800000 3010.400000 3009.000000 3006.200000 3002.400000 2999.700000 2996.200000
3160.500000 3157.700000 3154.000000 3150.000000 3145.900000 3141.800000 3137.700000 3133.400000 3128.700000 3123.600000 3118.400000 3113.700000 3109.900000 3107.000000 3104.600000 3101.800000 3098.700000 3095.400000 3091.900000 3089.100000 3086.900000 3084.700000 3082.000000 3078.400000 3076.300000 3076.700000 3076.100000 3074.300000 3071.500000 3067.900000 3065.700000 3063.800000 3060.100000 3054.200000 3050.500000 3048.400000 3046.000000 3042.800000 3040.100000 3038.000000 3035.400000 3032.400000 3029.500000 3026.700000 3024.000000 3022.200000 3019.100000 3014.500000 3010.900000 3007.800000 3006.000000 3003.500000 2999.900000 2996.300000
3158.000000 3155.200000 3151.400000 3147.200000 3143.000000 3138.900000 3134.900000 3130.600000 3126.100000 3121.100000 3116.100000 3111.700000 3108.100000 3106.200000 3103.900000 3101.800000 3099.200000 3096.000000 3092.700000 3089.900000 3087.800000 3087.400000 3084.100000 3080.800000 3078.200000 3077.500000 3077.800000 3074.600000 3073.400000 3069.700000 3066.400000 3063.300000 3059.800000 3055.500000 3052.000000 3049.500000 3046.900000 3043.200000 3041.300000 3038.900000 3036.100000 3033.300000 3030.600000 3027.700000 3024.700000 3022.300000 3019.800000 3015.200000 3011.500000 3008.100000 3005.200000 3003.400000 3000.000000 2996.300000
3155.500000 3152.600000 3148.600000 3144.200000 3140.000000 3135.800000 3131.600000 3127.400000 3123.100000 3118.600000 3114.100000 3110.200000 3107.200000 3105.100000 3103.100000 3102.000000 3099.900000 3096.800000 3093.300000 3090.500000 3088.200000 3086.200000 3083.800000 3082.100000 3080.200000 3079.500000 3078.600000 3075.300000 3073.900000 3072.200000 3068.500000 3064.600000 3060.900000 3057.200000 3053.900000 3051.000000 3048.100000 3045.300000 3042.600000 3040.000000 3037.300000 3034.600000 3031.800000 3028.800000 3025.300000 3022.000000 3019.400000 3016.300000 3012.300000 3008.600000 3005.600000 3002.900000 2999.900000 2996.800000
3152.300000 3150.100000 3145.900000 3141.200000 3136.700000 3132.400000 3128.100000 3124.000000 3120.000000 3116.100000 3112.400000 3109.200000 3106.500000 3105.100000 3103.700000 3103.000000 3100.800000 3097.800000 3092.800000 3091.200000 3088.800000 3087.500000 3085.200000 3083.400000 3082.200000 3080.700000 3079.000000 3075.300000 3073.800000 3071.200000 3068.800000 3065.600000 3062.100000 3059.000000 3055.800000 3052.400000 3049.500000 3046.800000 3044.200000 3041.500000 3038.900000 3036.100000 3033.300000 3030.200000 3026.400000 3022.800000 3019.600000 3016.600000 3013.200000 3009.300000 3006.400000 3003.600000 3000.800000 2997.500000
3150.600000 3147.500000 3143.100000 3138.200000 3133.400000 3128.900000 3124.500000 3120.400000 3116.900000 3113.900000 3111.200000 3108.700000 3107.000000 3105.200000 3104.300000 3103.900000 3102.600000 3098.800000 3094.000000 3093.200000 3090.600000 3088.900000 3086.900000 3085.100000 3083.300000 3081.300000 3078.900000 3075.100000 3071.800000 3069.600000 3067.100000 3065.900000 3063.400000 3060.700000 3057.200000 3053.600000 3050.400000 3048.300000 3046.000000 3043.400000 3040.600000 3037.800000 3034.900000 3031.700000 3028.200000 3024.600000 3021.300000 3017.900000 3013.500000 3010.100000 3007.200000 3005.300000 3001.900000 2998.700000
3148.500000 3145.000000 3140.400000 3135.400000 3130.600000 3125.900000 3121.700000 3118.000000 3114.800000 3112.400000 3110.600000 3108.800000 3106.900000 3105.300000 3106.100000 3105.100000 3104.200000 3100.900000 3096.100000 3093.200000 3091.400000 3089.400000 3088.000000 3086.500000 3084.300000 3081.900000 3079.000000 3075.000000 3072.000000 3070.200000 3067.500000 3065.700000 3063.600000 3062.000000 3057.500000 3054.200000 3049.800000 3049.200000 3047.100000 3044.500000 3041.800000 3039.000000 3036.100000 3033.200000 3029.700000 3026.000000 3022.400000 3018.900000 3014.100000 3012.400000 3007.400000 3006.100000 3002.000000 2999.900000
3145.800000 3142.500000 3137.900000 3132.900000 3128.300000 3123.900000 3119.700000 3116.400000 3113.700000 3112.000000 3110.600000 3109.500000 3107.900000 3106.900000 3106.000000 3105.300000 3103.400000 3101.400000 3098.100000 3093.800000 3091.800000 3089.800000 3089.500000 3087.700000 3085.100000 3082.000000 3078.600000 3075.300000 3073.500000 3071.800000 3067.900000 3064.900000 3063.000000 3062.000000 3057.700000 3055.400000 3052.800000 3049.900000 3048.000000 3045.000000 3042.100000 3039.600000 3036.800000 3034.000000 3030.400000 3026.500000 3022.900000 3019.600000 3015.900000 3013.100000 3010.400000 3007.200000 3002.800000 3000.900000
3142.800000 3139.500000 3135.300000 3130.800000 3126.500000 3122.300000 3118.300000 3115.300000 3113.300000 3112.200000 3111.400000 3110.200000 3108.900000 3107.700000 3106.300000 3105.000000 3103.400000 3101.100000 3097.300000 3095.100000 3092.400000 3090.500000 3090.400000 3088.900000 3086.200000 3082.500000 3078.700000 3075.600000 3073.100000 3071.300000 3068.700000 3063.300000 3063.400000 3060.800000 3057.800000 3056.500000 3053.700000 3050.400000 3048.100000 3044.800000 3042.100000 3039.000000 3037.600000 3033.400000 3029.800000 3025.800000 3022.700000 3020.100000 3016.900000 3013.500000 3010.500000 3007.400000 3003.100000 3001.000000
3140.400000 3136.400000 3132.800000 3129.100000 3125.300000 3121.400000 3117.400000 3114.800000 3113.500000 3113.000000 3112.600000 3111.600000 3111.000000 3109.400000 3106.700000 3105.500000 3103.600000 3102.300000 3100.300000 3096.300000 3093.000000 3092.200000 3091.400000 3089.000000 3087.100000 3082.800000 3078.800000 3075.900000 3073.600000 3071.900000 3067.400000 3064.800000 3064.200000 3062.500000 3059.100000 3057.400000 3054.300000 3050.800000 3047.600000 3044.600000 3042.300000 3039.900000 3037.200000 3032.600000 3029.100000 3023.700000 3022.000000 3020.400000 3017.600000 3014.400000 3010.400000 3006.200000 3003.400000 3000.700000
3138.600000 3134.000000 3131.100000 3127.700000 3124.300000 3120.800000 3116.800000 3114.600000 3113.800000 3113.400000 3113.200000 3112.700000 3111.400000 3109.300000 3107.300000 3105.900000 3104.400000 3101.900000 3099.900000 3097.600000 3095.500000 3094.300000 3091.900000 3089.300000 3086.800000 3082.500000 3079.300000 3077.100000 3074.900000 3071.700000 3067.600000 3065.200000 3065.400000 3063.800000 3062.600000 3058.000000 3054.800000 3051.200000 3047.900000 3045.100000 3039.900000 3036.500000 3034.800000 3031.800000 3028.000000 3024.800000 3023.000000 3020.900000 3018.700000 3015.900000 3011.800000 3007.700000 3004.100000 3000.500000
3137.600000 3133.300000 3129.900000 3126.600000 3123.500000 3120.500000 3117.200000 3115.100000 3114.200000 3113.700000 3113.300000 3112.900000 3111.500000 3109.900000 3108.900000 3105.900000 3103.900000 3102.200000 3100.600000 3098.400000 3096.400000 3095.100000 3093.200000 3090.100000 3085.900000 3083.400000 3080.500000 3077.900000 3076.200000 3073.700000 3071.200000 3068.300000 3066.700000 3064.500000 3062.000000 3058.900000 3055.600000 3051.400000 3048.700000 3046.200000 3040.800000 3038.200000 3034.600000 3030.300000 3028.300000 3026.300000 3024.300000 3021.400000 3019.600000 3017.300000 3013.500000 3009.300000 3005.300000 3001.600000
3135.400000 3131.100000 3127.800000 3124.200000 3122.700000 3120.400000 3117.700000 3116.000000 3115.200000 3114.500000 3114.100000 3112.900000 3111.500000 3108.600000 3107.400000 3106.100000 3104.600000 3102.500000 3100.600000 3098.800000 3096.900000 3095.200000 3092.700000 3090.000000 3086.900000 3085.500000 3081.700000 3078.500000 3079.400000 3077.400000 3075.100000 3070.900000 3068.400000 3065.700000 3063.200000 3060.200000 3055.800000 3052.600000 3050.000000 3046.300000 3042.500000 3038.300000 3034.000000 3030.600000 3029.100000 3028.100000 3026.000000 3023.100000 3019.300000 3018.500000 3015.300000 3011.200000 3007.300000 3003.500000
3133.000000 3128.700000 3126.100000 3123.900000 3122.500000 3120.400000 3118.300000 3117.500000 3116.300000 3115.900000 3113.600000 3112.300000 3110.800000 3108.100000 3107.200000 3104.700000 3102.700000 3101.500000 3100.100000 3099.100000 3098.600000 3095.800000 3093.800000 3092.000000 3089.600000 3086.900000 3083.400000 3082.600000 3080.900000 3077.200000 3075.200000 3072.100000 3068.700000 3067.500000 3064.500000 3061.800000 3058.800000 3054.100000 3050.900000 3047.300000 3042.700000 3039.800000 3035.500000 3032.500000 3031.500000 3030.000000 3028.100000 3025.500000 3023.500000 3020.000000 3016.200000 3013.100000 3008.200000 3005.200000
3132.100000 3128.000000 3126.100000 3124.900000 3123.100000 3121.300000 3119.700000 3118.200000 3117.800000 3116.500000 3114.200000 3112.900000 3110.400000 3108.100000 3106.900000 3105.900000 3103.900000 3101.700000 3101.000000 3099.900000 3098.800000 3096.300000 3094.600000 3091.600000 3089.800000 3087.800000 3086.100000 3085.800000 3081.900000 3078.800000 3077.800000 3073.900000 3071.700000 3067.700000 3064.700000 3062.000000 3058.400000 3054.500000 3051.200000 3047.800000 3043.600000 3039.900000 3038.200000 3035.000000 3033.900000 3032.200000 3028.900000 3026.000000 3023.800000 3019.700000 3017.000000 3013.600000 3009.500000 3006.100000
3131.100000 3128.100000 3126.800000 3125.900000 3124.000000 3122.900000 3121.200000 3119.300000 3118.400000 3115.900000 3115.500000 3112.900000 3111.100000 3110.400000 3108.900000 3107.900000 3105.500000 3104.600000 3103.000000 3102.100000 3100.800000 3098.800000 3096.500000 3094.100000 3092.100000 3091.000000 3087.900000 3085.700000 3081.200000 3079.300000 3077.300000 3074.800000 3071.200000 3068.300000 3065.500000 3062.600000 3059.300000 3055.900000 3051.000000 3047.100000 3043.400000 3041.900000 3039.400000 3038.100000 3035.700000 3033.100000 3029.000000 3024.400000 3022.300000 3018.700000 3015.600000 3012.900000 3009.800000 3006.200000
