data/2006/output_2006_000000016000_SolidifiedLavaThickness.asc
ncols		517
nrows		378
xllcorner	499547.500000
yllcorner	4174982.500000
cellsize	10.000000
NODATA_value	0.000000
[rows 168 to 195 of 378, columns 252 to 314 of 517]
2.535777 0.000000 0.000000 0.000000 0.000000 0.000000 0.000000 0.000000 0.000000 0.000000 0.000000 0.000000 0.000000 0.000000 0.000000 0.000000 0.000000 0.000000 0.000000 0.000000 0.000000 0.000000 0.000000 0.000000 0.000000 0.000000 0.000000 0.000000 0.000000 0.000000 0.000000 0.000000 0.000000 0.000000 0.000000 0.000000 0.000000 0.000000 0.000000 0.000000 0.000000 0.000000 0.000000 0.000000 0.000000 0.000000 0.000000 0.000000 0.000000 0.000000 0.000000 0.000000 0.000000 0.000000 0.000000 0.000000 0.000000 0.000000 0.000000 0.000000 0.000000 0.000000 0.000000
6.275599 3.462768 1.956546 1.285324 0.000000 0.000000 0.000000 0.000000 0.000000 0.000000 0.000000 0.000000 0.000000 0.000000 0.000000 0.000000 0.000000 0.000000 0.000000 0.000000 0.000000 0.000000 0.000000 0.000000 0.000000 0.000000 0.000000 0.000000 0.000000 0.000000 0.000000 0.000000 0.000000 0.000000 0.000000 0.000000 0.000000 0.000000 0.000000 0.000000 0.000000 0.000000 0.000000 0.000000 0.000000 0.000000 0.000000 0.000000 0.000000 0.000000 0.000000 0.000000 0.000000 0.000000 0.000000 0.000000 0.000000 0.000000 0.000000 0.000000 0.000000 0.000000 0.000000
1.391459 4.272684 4.847065 5.735557 3.383403 3.211232 0.000000 0.000000 0.000000 0.000000 0.000000 0.000000 0.000000 0.000000 0.000000 0.000000 0.000000 0.000000 0.000000 0.000000 0.000000 0.000000 0.000000 0.000000 0.000000 0.000000 0.000000 0.000000 0.000000 0.000000 0.000000 0.000000 0.000000 0.000000 0.000000 0.000000 0.000000 0.000000 0.000000 0.000000 0.000000 0.000000 0.000000 0.000000 0.000000 0.000000 0.000000 0.000000 0.000000 0.000000 0.000000 0.000000 0.000000 0.000000 0.000000 0.000000 0.000000 0.000000 0.000000 0.000000 0.000000 2.097589 0.000000
1.980470 2.500019 2.072865 5.511169 4.316999 6.278177 5.022647 0.000000 0.000000 0.000000 0.000000 0.000000 0.000000 0.000000 0.000000 0.000000 0.000000 0.000000 0.000000 0.000000 0.000000 0.000000 0.000000 0.000000 0.000000 0.000000 0.000000 0.000000 0.000000 0.000000 0.000000 0.000000 0.000000 0.000000 0.000000 0.000000 0.000000 0.000000 0.000000 0.000000 0.000000 0.000000 0.000000 0.000000 0.000000 0.000000 0.000000 0.000000 0.000000 0.000000 0.000000 0.000000 0.000000 0.000000 0.000000 0.000000 1.791630 1.974846 5.735897 6.341795 6.731541 6.015488 5.055950
1.461742 1.430837 2.177223 2.832680 4.553592 5.111289 7.249855 3.349132 3.600497 0.000000 0.000000 0.000000 0.000000 0.000000 0.000000 0.000000 0.000000 0.000000 0.000000 0.000000 0.000000 0.000000 0.000000 0.000000 0.000000 0.000000 0.000000 0.000000 0.000000 0.000000 0.000000 0.000000 0.000000 0.000000 0.000000 0.000000 0.000000 0.000000 0.000000 0.000000 0.000000 0.000000 0.000000 2.396145 4.158417 4.651649 4.203767 2.792482 0.000000 0.000000 0.000000 0.000000 0.000000 3.752543 4.828101 5.897799 6.287080 3.982919 3.860581 4.319931 4.054664 4.306597 3.873138
2.571438 2.331597 1.689725 2.070367 3.151044 4.908332 4.405002 6.039942 6.651970 4.325323 4.417959 0.000000 0.000000 0.000000 0.000000 0.000000 0.000000 0.000000 0.000000 0.000000 0.000000 0.000000 0.000000 0.000000 0.000000 0.000000 0.000000 0.000000 0.000000 0.000000 0.000000 0.000000 0.000000 0.000000 0.000000 2.325780 3.669259 4.782222 5.284804 4.428661 3.419580 3.640108 6.126275 3.945306 3.875596 3.730005 5.974058 5.005166 5.109934 5.362643 5.435809 5.467176 2.154896 3.687794 3.537431 3.316617 3.048643 4.033569 4.091911 3.765047 4.124207 3.680366 3.688342
2.258548 3.014902 3.751859 3.277959 3.487761 3.485724 4.903524 4.624916 4.551936 5.825044 7.133735 5.205713 4.110411 2.325227 0.000000 0.000000 0.000000 0.000000 0.000000 0.000000 0.000000 0.000000 0.000000 0.000000 0.000000 0.000000 0.000000 0.000000 0.000000 0.000000 0.000000 1.289225 3.730946 4.851338 5.933081 6.724187 3.770756 3.944860 3.985476 3.348909 3.751960 2.470699 2.927230 2.503196 2.610623 3.214028 3.332478 2.114731 1.959123 1.796673 1.916480 2.992797 2.431638 2.410859 1.989351 1.479186 1.537659 1.523883 2.346151 3.193156 2.808481 3.316807 2.587668
1.419323 3.159918 3.780886 3.088670 3.231882 4.522439 4.388596 3.373484 5.191509 5.242508 2.593239 4.975957 1.711789 5.258352 4.205373 5.467671 5.108913 0.000000 0.000000 0.000000 0.000000 0.000000 0.000000 0.000000 0.000000 0.000000 0.000000 0.000000 0.807124 4.928444 6.387627 3.599563 3.315545 3.520226 3.342738 3.065688 2.957219 2.603015 1.556014 3.332793 2.605876 1.900742 2.865859 3.229013 1.093278 3.679385 3.920808 3.316358 3.881838 2.315615 2.009110 1.377664 3.653072 3.109699 2.863991 2.194648 3.729337 2.750099 3.070145 2.479058 2.447698 2.655562 2.711846
1.874620 2.172633 2.974623 3.187825 3.080713 3.989521 4.381385 3.690554 3.889394 4.454497 2.361178 6.292551 1.739357 3.163011 3.231070 3.932236 7.892739 6.949750 7.647090 6.198128 0.000000 0.000000 0.000000 0.000000 0.000000 0.000000 1.932889 5.947140 2.898072 1.916910 2.796655 1.786497 1.466755 3.871556 2.783128 3.163683 3.703946 2.619179 1.893604 1.817735 2.606734 2.209101 1.856520 2.253370 2.396164 1.298063 3.779988 3.083418 2.728457 3.728723 3.545862 2.618672 3.367473 2.064958 3.030690 2.652888 3.969290 2.160773 1.918060 2.150652 1.731748 2.274187 3.516994
4.220389 2.424794 1.595921 3.395377 3.423505 3.138093 4.189122 3.853934 3.929800 4.154638 6.782698 3.807492 1.317323 1.934298 3.207997 4.127846 5.447001 5.605224 7.612932 7.483552 0.000000 0.000000 0.000000 3.180862 5.914315 7.190579 2.844763 1.567370 1.752324 1.490373 1.389840 1.137682 1.203488 1.212724 2.245977 3.315999 3.649124 3.558646 3.250792 1.121226 3.904023 3.736588 3.107050 2.458826 1.743306 2.487674 2.007166 2.749098 1.619879 1.961771 0.981981 2.924797 3.481824 1.377225 2.049228 2.958769 2.823468 2.444829 2.775605 3.931360 2.220151 1.171179 1.669925
6.336724 3.932077 6.633279 1.791299 2.842040 2.618280 3.160322 4.539251 5.592899 5.007650 4.342483 4.906610 1.733395 1.196713 1.425164 3.040316 4.105179 5.764293 9.197242 6.307812 5.728140 6.192986 7.223708 1.091293 2.000857 1.811293 2.247860 1.309656 2.588951 3.310881 2.137791 2.576844 2.378873 3.229682 2.746944 3.154748 2.800829 2.877290 2.761588 2.507577 2.611740 1.883835 3.416455 3.374927 2.260740 3.045382 3.881041 3.266484 1.421587 3.658524 2.359420 1.395175 3.295586 1.582106 1.521143 3.333420 2.731116 2.417467 2.397944 2.520095 2.926004 5.490427 4.852145
3.532124 5.191466 2.542610 4.181906 4.723370 1.575630 2.699966 2.825572 4.647741 5.759677 5.241499 4.942520 6.258531 3.275429 1.991559 2.698847 2.980519 3.921181 5.390844 4.738553 4.292428 3.381624 2.995617 3.352269 3.233997 2.459617 3.142131 3.378370 3.524304 2.573439 2.793161 1.222919 2.129305 2.814211 3.056965 2.866755 3.119756 3.724025 2.340373 3.724848 3.056124 3.093186 3.566929 1.971823 5.570384 5.230093 5.291558 4.932482 5.351655 2.919378 1.598602 0.827600 3.395688 7.051329 5.814744 6.582772 6.881883 6.538591 6.242414 5.118363 5.782013 2.732050 6.198545
4.848102 5.063913 5.297842 3.067322 3.438839 3.889610 3.198252 2.945506 4.216408 5.172422 5.113178 4.394698 4.685892 3.919370 4.312367 4.288929 3.554773 2.482134 2.711994 2.665829 3.938840 1.523764 2.138768 3.926461 3.315064 1.508667 3.475289 2.305653 2.960735 3.317702 1.634977 1.422179 1.456065 1.064045 2.677431 2.702323 3.115637 4.011029 1.686693 3.022295 3.172632 5.320997 5.488866 2.192888 2.232227 2.923019 3.982634 2.723985 3.788212 3.205100 3.688857 5.917908 1.617546 1.744222 0.000000 0.000000 1.180647 4.393537 4.998102 4.056049 2.399835 5.198592 3.968226
5.809020 4.952462 5.330815 3.537804 5.882623 5.191402 5.113659 3.524956 3.901381 3.926582 3.911047 4.171349 3.810786 2.366614 3.173094 2.740082 2.227979 3.756995 2.334662 2.517235 1.344883 3.734638 2.136124 3.750686 2.296313 5.086684 0.910164 0.879530 1.236486 1.994187 2.489532 0.927736 3.140112 3.374928 3.084813 3.049250 3.498295 3.558167 3.439884 2.516429 2.634451 2.642030 1.096327 2.540167 2.652670 1.977532 2.362510 1.634950 5.391820 5.397639 4.905898 4.771689 0.000000 0.000000 0.000000 0.000000 0.000000 0.000000 1.414652 4.140482 0.000000 2.506574 4.771483
3.003842 5.203765 4.202322 5.591497 3.404666 2.580288 3.308073 3.290513 2.768472 4.542821 4.164252 3.262265 3.116212 3.105551 2.019234 3.836915 3.870322 7.151483 5.963799 5.552654 3.588116 2.816043 3.584618 2.570843 2.888638 3.276035 0.959815 0.944720 1.122658 0.960395 1.688607 3.131359 1.721774 1.286706 2.524814 1.965392 3.540571 1.854100 2.239633 3.634483 2.886043 3.378372 0.988953 2.999193 5.292323 6.032427 2.096130 2.486297 3.514900 2.472933 3.383798 6.754989 4.239080 3.762926 0.000000 0.000000 0.000000 0.000000 0.000000 0.000000 0.000000 0.000000 0.000000
4.303672 5.804477 3.979693 5.164493 5.990419 4.378045 4.641917 4.932317 3.856769 6.681401 5.599866 3.574896 1.915282 1.712386 2.854052 2.009341 1.898474 1.059036 3.270250 2.169347 2.289487 3.579670 2.230185 2.201656 2.653579 2.509347 2.197397 1.660524 3.050327 2.672814 1.549011 0.773054 0.885730 1.507877 1.027196 2.006638 3.717733 3.694716 5.970091 5.926401 1.839416 1.820499 1.492868 3.264399 1.893477 2.150686 2.246185 5.295511 1.185249 2.075283 2.891755 3.478636 4.022429 7.398460 5.267266 4.298265 4.082355 2.963328 0.000000 0.000000 0.000000 0.000000 0.000000
2.793532 4.907983 4.731107 4.753981 5.302362 5.757394 5.810481 5.212755 4.048266 4.842615 4.027751 2.839849 3.173264 2.835030 2.517095 3.309555 3.759270 3.314205 3.058452 2.725884 1.715926 2.779636 2.263139 2.022003 1.299400 2.960967 2.895510 0.779260 2.856407 1.584716 2.660607 2.791926 1.116141 4.813813 4.358105 3.504047 2.051953 3.465572 2.594739 1.638752 2.019565 2.202683 2.872191 2.831050 2.812526 2.951030 3.987725 3.654925 2.651270 5.198848 3.517369 3.121903 3.533827 4.072783 3.904459 3.237129 6.748041 4.814976 0.000000 0.000000 0.000000 0.000000 0.000000
1.292407 5.045598 5.687702 5.810356 5.858320 5.807317 5.784158 5.295046 4.108134 4.269497 2.807455 2.658069 3.333581 3.330599 2.755734 2.541065 2.384108 2.875896 2.823350 2.885710 2.657095 2.577542 2.388182 1.878447 3.160906 2.888370 2.218299 1.546384 2.361281 0.966034 0.965069 5.657782 0.817397 2.098949 2.446491 2.414168 5.550063 5.601488 6.027763 6.056990 5.127547 4.917750 5.216961 5.792966 5.962756 5.857053 5.890027 2.978734 2.091532 3.717433 2.551737 6.584446 6.748075 3.478993 3.378415 2.054000 2.934743 5.930052 4.372183 4.446457 4.623008 5.572172 5.325384
2.255055 2.345413 2.693577 5.863798 5.727851 4.996008 4.730570 3.504773 2.258957 1.343770 2.753287 2.635619 2.860877 3.181849 2.947841 3.120611 2.658693 2.589985 2.759589 2.450707 2.363247 2.052952 1.561659 2.300883 2.463741 6.844352 5.117098 5.149240 3.666251 4.205686 3.176569 2.126363 1.901063 3.173070 0.985573 2.750098 1.269150 0.850817 1.833925 1.176253 0.914330 3.399881 3.739287 5.762205 4.910943 6.702820 6.390865 5.345131 3.507845 6.058600 1.904631 4.023408 3.612607 6.626561 5.556084 3.284479 2.142665 1.882136 3.148013 2.231385 3.905452 2.924939 2.574552
0.880337 0.961165 1.566526 2.245337 3.331366 3.283163 1.724613 1.751175 1.426462 1.070180 1.262655 2.369389 2.753198 2.640673 2.343531 2.197278 1.505092 1.991966 2.041653 2.297583 2.258534 6.909928 5.317241 5.422629 6.565441 6.614201 3.057100 1.844214 2.428964 0.000000 1.530850 4.761822 5.141623 4.508732 4.668761 4.042816 4.095421 1.227473 1.661733 3.285493 2.299062 2.416072 3.456459 1.544105 1.420475 2.836360 6.222475 5.214485 6.180940 3.631135 7.242897 6.362864 1.019849 3.846549 3.841030 5.470567 5.969923 3.542297 4.045346 3.098521 2.889214 3.783909 3.151952
2.845636 1.551467 1.250715 3.141963 2.908892 3.576818 5.276849 6.294278 6.680493 6.601201 6.122026 5.865082 5.926009 5.811964 5.669973 6.174724 6.552440 5.704083 5.564168 6.280953 6.078005 6.401959 5.007554 4.110459 4.006845 5.214406 4.752665 3.200274 2.091933 0.000000 0.000000 0.000000 0.000000 0.000000 0.000000 0.000000 0.000000 2.562610 5.332572 3.308526 2.712086 3.870659 3.997677 2.895143 1.680972 3.505491 3.555109 3.416062 3.193910 3.323300 4.194547 4.195416 2.977976 6.864921 1.177060 2.614268 6.513570 6.066380 7.153860 3.248085 3.240698 3.918867 4.689420
3.951440 5.112274 6.181633 6.224936 6.428549 5.073321 5.682699 2.782763 2.383544 2.735674 3.438278 2.228973 0.000000 0.000000 0.000000 0.000000 3.465483 4.792472 0.000000 1.891389 4.330531 4.354437 4.966103 4.002430 4.171557 3.179470 3.592469 2.913030 0.000000 0.000000 0.000000 0.000000 0.000000 0.000000 0.000000 0.000000 0.000000 0.000000 0.000000 0.256138 4.774613 6.096569 6.312869 6.642878 3.171105 3.859019 3.037113 4.433049 3.734897 3.291967 3.122123 4.210353 4.283876 3.472269 4.229598 3.010165 3.098339 3.259909 4.027610 4.540349 4.037979 4.054506 2.579929
0.000000 0.000000 0.000000 0.000000 0.000000 0.000000 0.000000 0.000000 0.000000 0.000000 0.000000 0.000000 0.000000 0.000000 0.000000 0.000000 0.000000 0.000000 0.000000 0.000000 0.000000 0.000000 1.607774 2.146092 2.194311 1.750937 4.480386 4.234815 0.000000 0.000000 0.000000 0.000000 0.000000 0.000000 0.000000 0.000000 0.000000 0.000000 0.000000 0.000000 0.000000 0.000000 0.000000 2.982491 3.237216 4.679650 4.390186 5.675536 5.535151 4.879528 4.550393 4.474963 6.194306 1.679562 4.424161 4.505834 4.061552 7.836718 7.427369 5.064840 5.771266 7.623381 5.862279
0.000000 0.000000 0.000000 0.000000 0.000000 0.000000 0.000000 0.000000 0.000000 0.000000 0.000000 0.000000 0.000000 0.000000 0.000000 0.000000 0.000000 0.000000 0.000000 0.000000 0.000000 0.000000 0.000000 0.000000 0.000000 0.000000 0.000000 0.000000 0.000000 0.000000 0.000000 0.000000 0.000000 0.000000 0.000000 0.000000 0.000000 0.000000 0.000000 0.000000 0.000000 0.000000 0.000000 0.000000 0.000000 0.000000 0.000000 0.000000 0.000000 0.000000 0.000000 0.000000 0.000000 1.949526 7.148662 4.462916 4.674155 4.892860 8.104229 6.183414 5.696967 5.349354 5.638350
0.000000 0.000000 0.000000 0.000000 0.000000 0.000000 0.000000 0.000000 0.000000 0.000000 0.000000 0.000000 0.000000 0.000000 0.000000 0.000000 0.000000 0.000000 0.000000 0.000000 0.000000 0.000000 0.000000 0.000000 0.000000 0.000000 0.000000 0.000000 0.000000 0.000000 0.000000 0.000000 0.000000 0.000000 0.000000 0.000000 0.000000 0.000000 0.000000 0.000000 0.000000 0.000000 0.000000 0.000000 0.000000 0.000000 0.000000 0.000000 0.000000 0.000000 0.000000 0.000000 0.000000 0.000000 3.434898 5.677539 4.915731 4.325246 4.102429 4.801280 4.545413 3.996991 3.773855
0.000000 0.000000 0.000000 0.000000 0.000000 0.000000 0.000000 0.000000 0.000000 0.000000 0.000000 0.000000 0.000000 0.000000 0.000000 0.000000 0.000000 0.000000 0.000000 0.000000 0.000000 0.000000 0.000000 0.000000 0.000000 0.000000 0.000000 0.000000 0.000000 0.000000 0.000000 0.000000 0.000000 0.000000 0.000000 0.000000 0.000000 0.000000 0.000000 0.000000 0.000000 0.000000 0.000000 0.000000 0.000000 0.000000 0.000000 0.000000 0.000000 0.000000 0.000000 0.000000 0.000000 0.000000 0.000000 1.719020 4.756636 7.435439 5.152595 4.319111 4.825005 4.644401 4.473371
0.000000 0.000000 0.000000 0.000000 0.000000 0.000000 0.000000 0.000000 0.000000 0.000000 0.000000 0.000000 0.000000 0.000000 0.000000 0.000000 0.000000 0.000000 0.000000 0.000000 0.000000 0.000000 0.000000 0.000000 0.000000 0.000000 0.000000 0.000000 0.000000 0.000000 0.000000 0.000000 0.000000 0.000000 0.000000 0.000000 0.000000 0.000000 0.000000 0.000000 0.000000 0.000000 0.000000 0.000000 0.000000 0.000000 0.000000 0.000000 0.000000 0.000000 0.000000 0.000000 0.000000 0.000000 0.000000 0.000000 0.000000 0.393060 2.722343 4.847134 4.978213 4.392997 4.968686
0.000000 0.000000 0.000000 0.000000 0.000000 0.000000 0.000000 0.000000 0.000000 0.000000 0.000000 0.000000 0.000000 0.000000 0.000000 0.000000 0.000000 0.000000 0.000000 0.000000 0.000000 0.000000 0.000000 0.000000 0.000000 0.000000 0.000000 0.000000 0.000000 0.000000 0.000000 0.000000 0.000000 0.000000 0.000000 0.000000 0.000000 0.000000 0.000000 0.000000 0.000000 0.000000 0.000000 0.000000 0.000000 0.000000 0.000000 0.000000 0.000000 0.000000 0.000000 0.000000 0.000000 0.000000 0.000000 0.000000 0.000000 0.000000 0.000000 0.000000 0.000000 0.000000 0.000000
