data/2006/output_2006_000000016000_Morphology.asc
ncols		517
nrows		378
xllcorner	499547.500000
yllcorner	4174982.500000
cellsize	10.000000
NODATA_value	0.000000
[rows 216 to 239 of 378, columns 162 to 215 of 517]
2591.400000 2585.800000 2579.600000 2574.600000 2570.500000 2565.100000 2559.400000 2554.600000 2549.300000 2543.300000 2537.700000 2532.100000 2527.200000 2521.600000 2515.200000 2510.100000 2505.000000 2500.500000 2495.300000 2490.500000 2486.300000 2481.800000 2477.400000 2472.400000 2465.200000 2458.500000 2454.400000 2450.800000 2446.600000 2441.200000 2436.800000 2432.000000 2425.800000 2420.500000 2414.000000 2409.300000 2404.700000 2399.700000 2393.000000 2389.400000 2383.400000 2375.900000 2368.300000 2361.600000 2355.200000 2350.100000 2347.800000 2342.600000 2337.100000 2331.400000 2325.800000 2321.000000 2315.900000 2310.300000
2590.100000 2584.200000 2577.800000 2572.300000 2567.000000 2562.000000 2557.000000 2552.400000 2547.500000 2542.400000 2536.900000 2531.900000 2526.900000 2523.200000 2517.800000 2511.500000 2504.600000 2498.900000 2493.600000 2488.000000 2483.200000 2478.700000 2473.200000 2467.300000 2463.000000 2456.600000 2450.300000 2446.600000 2443.500000 2439.800000 2433.000000 2427.500000 2422.400000 2416.700000 2410.000000 2403.300000 2398.900000 2394.700000 2390.700000 2385.500000 2379.900000 2374.600000 2369.100000 2363.100000 2356.100000 2349.500000 2342.100000 2337.900000 2335.100000 2329.600000 2325.000000 2318.200000 2312.000000 2305.700000
2588.100000 2583.600000 2577.600000 2571.200000 2565.900000 2560.700000 2555.700000 2550.700000 2545.900000 2540.400000 2535.800000 2531.100000 2526.000000 2521.900000 2518.600000 2512.100000 2504.900000 2497.700000 2491.500000 2486.200000 2480.300000 2475.100000 2470.000000 2464.000000 2458.200000 2452.900000 2448.000000 2442.600000 2439.600000 2436.600000 2431.500000 2424.400000 2418.600000 2412.200000 2405.900000 2399.300000 2394.200000 2389.000000 2384.500000 2381.400000 2377.600000 2372.000000 2366.600000 2360.100000 2356.100000 2350.600000 2343.900000 2337.300000 2330.700000 2325.400000 2319.200000 2314.400000 2307.700000 2301.900000
2584.200000 2581.100000 2576.700000 2571.600000 2566.600000 2560.900000 2555.200000 2549.800000 2544.400000 2539.100000 2533.600000 2528.300000 2523.900000 2519.500000 2515.600000 2511.600000 2505.900000 2499.600000 2491.900000 2485.100000 2479.200000 2473.300000 2467.700000 2462.300000 2456.500000 2451.100000 2445.500000 2440.800000 2435.700000 2432.000000 2427.600000 2421.700000 2416.000000 2410.600000 2403.700000 2396.500000 2390.500000 2384.900000 2380.600000 2375.300000 2371.400000 2366.600000 2362.400000 2358.400000 2353.400000 2346.900000 2342.000000 2337.700000 2330.700000 2323.800000 2316.700000 2310.000000 2304.600000 2298.600000
2581.200000 2576.600000 2571.200000 2566.100000 2563.200000 2559.200000 2554.800000 2549.900000 2545.300000 2539.100000 2533.800000 2528.500000 2522.100000 2517.000000 2512.400000 2508.200000 2503.300000 2498.300000 2492.900000 2486.800000 2479.900000 2472.900000 2466.600000 2460.800000 2455.000000 2449.400000 2444.100000 2438.600000 2433.700000 2428.300000 2423.300000 2417.400000 2411.500000 2406.100000 2400.800000 2394.500000 2387.500000 2381.400000 2375.800000 2370.700000 2365.200000 2360.400000 2356.600000 2352.400000 2348.100000 2344.800000 2339.000000 2333.700000 2329.000000 2322.200000 2316.400000 2309.800000 2302.100000 2295.400000
2579.400000 2573.800000 2568.300000 2563.200000 2557.800000 2553.000000 2549.200000 2545.700000 2541.600000 2537.200000 2531.800000 2528.000000 2523.700000 2516.800000 2510.400000 2505.000000 2500.000000 2494.000000 2488.500000 2483.700000 2478.700000 2473.800000 2467.800000 2461.800000 2455.100000 2449.000000 2443.100000 2437.600000 2432.300000 2427.000000 2421.700000 2415.100000 2409.000000 2403.000000 2397.200000 2391.500000 2384.700000 2379.300000 2372.200000 2366.500000 2361.400000 2355.900000 2351.100000 2346.900000 2342.300000 2338.600000 2334.300000 2329.800000 2324.500000 2320.800000 2314.700000 2308.000000 2301.600000 2294.500000
2578.400000 2572.600000 2566.400000 2560.900000 2555.600000 2550.400000 2544.800000 2540.400000 2536.000000 2531.600000 2528.300000 2524.100000 2519.100000 2514.600000 2510.500000 2504.400000 2498.300000 2492.200000 2486.300000 2481.600000 2476.100000 2471.500000 2466.600000 2461.500000 2455.900000 2450.800000 2444.800000 2438.300000 2432.300000 2426.500000 2420.600000 2414.300000 2407.500000 2401.000000 2395.500000 2389.300000 2383.300000 2376.900000 2370.900000 2364.500000 2358.400000 2352.900000 2347.400000 2342.100000 2336.800000 2332.500000 2328.900000 2324.500000 2321.400000 2318.100000 2312.900000 2306.900000 2300.400000 2294.200000
2578.600000 2571.800000 2565.100000 2559.300000 2553.700000 2548.400000 2542.500000 2537.500000 2532.100000 2527.600000 2523.700000 2519.200000 2515.300000 2510.700000 2505.200000 2501.800000 2498.100000 2492.700000 2486.700000 2480.700000 2475.000000 2469.000000 2464.700000 2459.500000 2454.900000 2449.900000 2444.300000 2439.000000 2433.200000 2428.200000 2421.500000 2414.200000 2407.200000 2400.400000 2393.800000 2387.800000 2382.300000 2375.700000 2369.400000 2363.200000 2356.900000 2350.800000 2344.900000 2339.100000 2333.500000 2328.100000 2323.000000 2319.100000 2315.100000 2312.500000 2309.400000 2304.400000 2298.100000 2293.000000
2579.300000 2571.000000 2563.000000 2557.200000 2551.400000 2546.000000 2540.700000 2535.300000 2529.700000 2524.700000 2520.000000 2515.500000 2511.200000 2506.900000 2502.100000 2496.300000 2492.200000 2489.000000 2485.400000 2480.700000 2475.100000 2469.100000 2463.300000 2458.400000 2453.200000 2448.100000 2443.000000 2437.700000 2432.900000 2427.300000 2422.900000 2416.500000 2409.400000 2401.900000 2394.000000 2386.700000 2380.300000 2374.600000 2368.100000 2362.200000 2356.000000 2350.100000 2343.500000 2337.600000 2331.600000 2325.800000 2320.100000 2314.100000 2308.700000 2305.400000 2303.600000 2300.400000 2295.000000 2289.500000
2574.200000 2567.600000 2561.000000 2554.800000 2548.800000 2543.700000 2538.100000 2533.100000 2527.400000 2522.400000 2517.400000 2512.600000 2508.500000 2503.100000 2498.300000 2494.100000 2487.400000 2483.200000 2478.800000 2475.700000 2471.200000 2466.800000 2461.900000 2456.900000 2451.300000 2445.800000 2440.800000 2436.000000 2431.200000 2426.200000 2421.300000 2415.000000 2408.600000 2402.500000 2395.500000 2388.300000 2381.000000 2374.000000 2367.400000 2361.400000 2355.400000 2349.400000 2343.100000 2336.900000 2330.700000 2324.600000 2318.300000 2312.400000 2306.700000 2300.600000 2296.500000 2294.200000 2291.000000 2286.900000
2572.900000 2565.800000 2559.600000 2553.200000 2547.100000 2541.600000 2535.800000 2530.700000 2525.500000 2520.800000 2515.200000 2510.200000 2505.100000 2500.300000 2495.200000 2490.500000 2485.700000 2478.900000 2473.700000 2469.700000 2466.000000 2461.700000 2456.300000 2452.300000 2447.900000 2443.400000 2438.300000 2433.200000 2428.600000 2423.600000 2419.800000 2414.000000 2408.000000 2402.000000 2394.300000 2387.600000 2381.500000 2375.100000 2368.600000 2362.000000 2355.800000 2349.600000 2343.800000 2338.600000 2331.900000 2324.700000 2317.900000 2311.400000 2305.600000 2299.000000 2293.100000 2287.900000 2284.500000 2281.600000
2577.100000 2573.100000 2559.200000 2551.500000 2545.300000 2539.400000 2533.700000 2528.300000 2523.500000 2518.500000 2513.300000 2508.100000 2502.800000 2497.800000 2492.800000 2487.400000 2482.100000 2476.400000 2470.300000 2465.000000 2460.600000 2456.100000 2450.900000 2446.200000 2442.600000 2438.700000 2434.600000 2429.300000 2425.000000 2421.300000 2415.800000 2409.700000 2404.000000 2398.300000 2391.900000 2386.700000 2380.100000 2372.300000 2366.000000 2360.200000 2354.400000 2348.500000 2342.900000 2336.900000 2331.300000 2326.400000 2319.100000 2312.000000 2304.500000 2297.700000 2291.800000 2286.200000 2280.500000 2275.300000
2575.000000 2565.700000 2558.800000 2551.800000 2544.900000 2538.900000 2533.500000 2527.400000 2521.700000 2516.300000 2511.100000 2506.400000 2501.500000 2496.400000 2491.400000 2486.400000 2481.000000 2475.300000 2469.000000 2463.100000 2457.300000 2451.700000 2446.300000 2441.100000 2436.300000 2432.600000 2429.300000 2425.000000 2420.500000 2416.200000 2412.200000 2407.600000 2401.700000 2396.100000 2389.200000 2382.800000 2377.400000 2370.900000 2364.600000 2359.200000 2354.000000 2347.400000 2341.700000 2335.800000 2329.200000 2323.500000 2318.600000 2313.200000 2307.000000 2299.200000 2292.400000 2285.500000 2279.800000 2273.800000
2576.100000 2568.800000 2559.900000 2552.500000 2546.300000 2540.100000 2533.700000 2527.500000 2521.100000 2515.300000 2509.600000 2504.300000 2499.800000 2495.400000 2490.700000 2485.600000 2480.500000 2475.100000 2468.100000 2461.400000 2455.600000 2449.000000 2443.100000 2438.100000 2432.600000 2427.400000 2422.900000 2419.100000 2415.300000 2411.500000 2408.600000 2403.900000 2398.700000 2393.800000 2388.700000 2382.600000 2376.400000 2370.500000 2364.400000 2359.000000 2353.000000 2346.700000 2340.300000 2334.000000 2328.100000 2321.900000 2316.300000 2311.000000 2305.600000 2300.600000 2295.000000 2289.400000 2282.200000 2274.900000
2575.500000 2568.100000 2563.000000 2557.300000 2552.500000 2547.300000 2539.200000 2527.500000 2520.100000 2513.700000 2508.500000 2502.900000 2497.700000 2493.300000 2489.200000 2485.600000 2480.100000 2473.300000 2466.200000 2459.400000 2452.700000 2445.800000 2440.100000 2435.100000 2429.800000 2425.100000 2419.500000 2414.300000 2410.200000 2406.800000 2403.900000 2400.000000 2394.800000 2390.200000 2386.800000 2381.400000 2375.500000 2369.300000 2363.700000 2357.600000 2351.400000 2345.700000 2339.000000 2332.700000 2326.800000 2321.200000 2315.300000 2309.900000 2303.800000 2298.800000 2293.900000 2289.500000 2284.500000 2277.700000
2574.300000 2568.000000 2561.300000 2555.300000 2549.700000 2543.500000 2537.800000 2530.300000 2521.400000 2513.900000 2506.300000 2500.900000 2495.900000 2491.200000 2487.500000 2483.400000 2478.800000 2472.300000 2464.900000 2457.900000 2450.800000 2444.100000 2437.900000 2432.700000 2427.000000 2421.800000 2416.700000 2411.800000 2407.200000 2402.600000 2399.200000 2396.000000 2391.300000 2387.700000 2383.300000 2378.300000 2371.600000 2364.700000 2359.100000 2353.800000 2348.500000 2342.800000 2337.200000 2331.600000 2325.600000 2319.800000 2313.400000 2307.800000 2303.200000 2297.600000 2293.000000 2288.100000 2283.800000 2277.700000
2572.700000 2566.500000 2559.600000 2552.800000 2545.700000 2539.100000 2533.000000 2526.300000 2520.000000 2514.300000 2508.000000 2500.600000 2495.400000 2490.100000 2486.300000 2481.800000 2476.300000 2470.200000 2464.300000 2458.100000 2451.500000 2445.300000 2438.500000 2431.300000 2425.100000 2419.500000 2414.200000 2409.100000 2404.100000 2399.100000 2394.900000 2391.300000 2388.000000 2383.900000 2379.400000 2374.800000 2369.200000 2362.100000 2355.300000 2349.900000 2345.300000 2340.000000 2335.400000 2331.800000 2326.400000 2320.400000 2313.700000 2307.700000 2303.000000 2297.100000 2292.200000 2288.100000 2284.700000 2277.900000
2572.200000 2564.800000 2557.900000 2551.200000 2544.000000 2537.800000 2531.400000 2525.200000 2519.200000 2513.100000 2507.000000 2501.000000 2495.500000 2489.500000 2484.300000 2479.200000 2474.300000 2468.400000 2463.400000 2458.000000 2451.400000 2444.600000 2438.000000 2431.500000 2424.700000 2418.000000 2412.000000 2406.600000 2401.500000 2395.900000 2391.300000 2386.900000 2383.700000 2379.600000 2374.600000 2369.300000 2364.400000 2358.700000 2353.300000 2349.000000 2344.200000 2339.400000 2336.200000 2332.000000 2327.400000 2322.000000 2315.500000 2308.900000 2302.600000 2296.900000 2291.800000 2287.000000 2282.400000 2275.400000
2571.400000 2565.200000 2558.200000 2551.300000 2544.200000 2537.200000 2531.000000 2524.500000 2518.500000 2512.300000 2506.400000 2500.100000 2494.600000 2488.900000 2483.000000 2477.700000 2472.100000 2466.700000 2461.800000 2456.900000 2450.600000 2443.400000 2437.100000 2430.400000 2423.900000 2417.900000 2411.700000 2405.200000 2399.000000 2393.700000 2388.200000 2383.200000 2379.300000 2375.400000 2372.000000 2369.300000 2364.700000 2360.400000 2354.100000 2348.600000 2344.400000 2339.900000 2335.500000 2331.600000 2325.900000 2320.100000 2315.600000 2309.300000 2304.800000 2298.800000 2293.300000 2288.600000 2282.600000 2277.000000
2569.100000 2563.900000 2558.300000 2552.300000 2545.300000 2537.800000 2530.600000 2523.400000 2517.400000 2511.200000 2505.400000 2499.600000 2493.900000 2488.100000 2482.300000 2476.700000 2471.100000 2465.400000 2459.800000 2454.300000 2448.700000 2442.600000 2436.700000 2429.800000 2423.200000 2416.600000 2409.300000 2402.800000 2397.100000 2391.000000 2385.400000 2380.800000 2378.900000 2375.900000 2371.900000 2368.300000 2363.800000 2358.800000 2352.900000 2347.800000 2343.600000 2338.600000 2333.900000 2329.800000 2325.400000 2319.800000 2314.200000 2307.900000 2302.100000 2297.100000 2294.300000 2290.600000 2284.300000 2277.100000
2567.300000 2561.400000 2555.700000 2549.400000 2543.000000 2536.600000 2529.900000 2523.000000 2516.700000 2510.500000 2504.600000 2498.900000 2493.200000 2487.500000 2481.700000 2476.100000 2470.400000 2464.800000 2459.200000 2453.700000 2448.100000 2442.200000 2436.000000 2429.000000 2422.300000 2415.900000 2409.200000 2402.900000 2396.400000 2390.300000 2384.700000 2380.000000 2379.000000 2375.400000 2370.700000 2366.500000 2362.300000 2356.800000 2351.600000 2345.700000 2341.500000 2337.000000 2332.100000 2328.400000 2323.400000 2317.700000 2310.900000 2305.700000 2300.500000 2296.700000 2293.700000 2289.100000 2283.900000 2278.500000
2566.700000 2560.500000 2554.700000 2548.600000 2542.000000 2535.700000 2529.300000 2523.300000 2517.100000 2510.800000 2504.900000 2498.500000 2492.800000 2487.100000 2481.400000 2475.800000 2469.800000 2464.500000 2458.600000 2453.400000 2448.300000 2443.100000 2436.300000 2429.400000 2422.300000 2415.100000 2408.600000 2402.600000 2396.500000 2390.600000 2384.200000 2378.200000 2376.400000 2374.000000 2370.500000 2367.000000 2361.700000 2354.600000 2349.900000 2345.000000 2340.100000 2335.100000 2330.200000 2326.100000 2321.400000 2315.800000 2309.400000 2303.700000 2298.600000 2294.500000 2289.000000 2287.000000 2283.800000 2279.000000
2566.600000 2560.600000 2554.300000 2548.300000 2542.100000 2535.600000 2529.500000 2523.500000 2517.300000 2511.100000 2505.300000 2499.000000 2492.800000 2486.900000 2480.900000 2475.500000 2469.800000 2464.200000 2458.400000 2452.800000 2447.000000 2441.700000 2435.600000 2429.300000 2422.800000 2416.400000 2410.000000 2403.700000 2396.900000 2390.400000 2384.200000 2377.800000 2373.900000 2370.900000 2368.400000 2365.100000 2360.400000 2354.700000 2349.600000 2344.800000 2340.500000 2334.800000 2328.600000 2323.700000 2318.900000 2313.300000 2306.200000 2301.300000 2297.700000 2294.100000 2291.200000 2288.600000 2283.900000 2278.900000
2567.100000 2561.000000 2555.000000 2548.800000 2542.400000 2536.400000 2530.500000 2523.900000 2518.000000 2511.700000 2505.400000 2499.500000 2493.200000 2487.100000 2481.100000 2475.200000 2469.300000 2463.500000 2457.900000 2452.300000 2447.000000 2441.900000 2436.700000 2431.300000 2425.100000 2418.600000 2411.900000 2404.900000 2398.000000 2391.000000 2384.200000 2377.500000 2371.600000 2369.300000 2365.800000 2363.100000 2359.200000 2353.800000 2348.300000 2343.600000 2338.800000 2334.400000 2329.500000 2323.800000 2318.500000 2313.500000 2308.100000 2303.300000 2298.700000 2296.200000 2292.800000 2288.800000 2284.100000 2279.500000
